
gcc -Wall -Wextra -Werror main1.c check_errors.c init_del_pile.c manage_pile.c 
checker.c push_swap_rotate.c usual_functions.c small_lists.c quicksort_pile_temp.c quicksort_list.c -I push_swap.h                 

45 65 53 31 46 97 23 50 92 78 21 11 27 70 56 47 96 98 38 89 20 91 37 90 61 39 76 99 4 57 72 73 82 95 22 16 100 12 1 30 9 80 14 6 7 8 25 55 75 64 24 60 81 19 42 71 69 58 79 87 34 32 33 10 44 13 63 93 77 43 5 94 67 49 40 86 59 3 18 17 85 88 29 83 84 35 36 28 62 68 51 48 41 74 54 52 15 26 66 2

 ruby -e "puts (1..500).to_a.shuffle.join(' ')"
# wc -l < "inst.txt" pour compter le nb de lignes (-1 = nb d'instructions) #

segfault en rajoutant des push aux inst qui devrait disparaitre en effacant correctement pile_b

A opti : 5850 pour 500 (5994 reverse) et 816 pour 100 (881 reverse)
quelques sa-sb 
rra/b
ra/rb
-
rb/a
rrb/a
-
quand on arrive aux premiers push sur b ( donc derniers a etre tries ) on ne fait pas de rrb
-> 5615 pour 500 (5751 reverse), 770 pour 100 (835 reverse)

leaks !!!

150 278 222 4 288 39 142 275 146 7 401 33 392 27 165 431 355 464 254 95 24 48 220 108 344 135 357 124 232 49 333 380 317 335 122 182 347 463 113 485 155 294 163 256 154 226 498 19 250 330 373 44 439 440 363 219 434 263 277 15 415 233 26 382 3 132 282 116 90 129 81 125 480 17 215 446 280 412 445 94 141 99 179 475 358 224 479 461 444 230 395 84 240 331 194 246 430 319 429 77 13 484 305 454 298 104 62 321 326 274 481 30 361 300 60 161 482 267 371 410 477 106 381 292 398 490 420 183 421 354 229 180 117 376 391 360 171 428 489 89 397 52 197 287 268 377 223 405 205 320 291 269 75 8 285 343 53 123 100 255 281 126 259 166 58 177 329 145 20 72 435 470 243 473 134 85 96 424 216 156 38 492 118 456 73 57 112 385 448 12 372 455 235 337 114 433 251 402 181 390 160 334 387 51 159 1 297 203 260 476 341 74 423 314 110 107 460 276 399 63 443 172 174 5 209 139 466 367 349 313 386 356 200 83 425 447 214 178 65 162 175 303 458 186 451 105 324 409 50 149 468 262 394 109 467 452 10 103 130 374 296 120 388 449 238 432 184 261 346 206 491 14 23 66 450 16 307 384 286 375 400 496 332 417 111 128 365 270 40 369 414 93 25 204 88 301 148 366 426 407 55 199 348 242 353 352 6 115 499 245 419 91 102 309 258 438 137 323 80 486 368 462 225 379 228 127 284 97 336 28 211 283 312 441 318 133 350 359 140 210 188 453 69 208 169 191 56 370 212 9 418 316 18 469 98 406 253 338 61 311 328 221 471 315 252 442 340 79 185 190 493 201 68 472 247 279 383 289 325 151 497 47 487 37 342 34 43 299 264 158 101 157 121 413 86 193 42 35 478 234 403 138 266 22 459 457 21 54 143 136 152 119 416 378 249 176 173 411 231 362 237 244 189 70 290 46 427 202 293 31 273 364 248 396 389 408 272 164 236 41 218 2 239 241 76 465 92 295 192 483 404 36 78 67 500 437 195 32 198 494 436 422 495 339 147 322 153 310 304 170 345 71 217 213 271 82 64 227 393 207 11 306 488 302 474 196 168 257 87 327 187 59 351 167 265 144 29 308 45 131